002
015
018
027
035
037
045
050
060
061
062
066
069
072
073
078
082
086
088
089
091
094
103
109
115
120
124
137
141
155
161
166
170
176
179
180
186
206
209
220
222
230
238
250
252
255
259
262
263
275
277
279
280
283
286
292
296
299
306
314
315
323
327
330
337
341
352
353
354
355
362
368
372
383
392
406
410
414
424
433
443
445
447
448
452
458
464
475
477
486
487
508
511
519
524
539
548
552
557
558
561
564
566
580
584
585
588
589
607
608
613
615
646
654
655
660
666
670
672
675
681
692
694
698
699
703
712
714
724
725
746
751
752
755
762
